0.037274
-0.010613
-0.084243
0.062390
0.727603
0.110333
0.565201
0.049036
-0.064178
1.113992
-0.386754
0.000761
0.105367
0.656882
-1.040987
0.003177
0.032656
1.030422
-0.026694
0.087195
0.772016
-0.036294
0.081836
1.427092
1.381767
0.079835
-0.085490
-0.478441
-0.925334
0.094957
-0.042118
0.061138
0.113934
-0.123010
0.035872
0.856000
0.051986
-1.329337
-0.090658
0.062726
-0.026669
-0.019968
0.069859
1.264922
0.009473
0.761358
1.159666
-0.057249
0.072194
0.534692
0.185978
-0.117324
-0.079582
0.068156
-0.117853
1.179879
-0.006624
0.045726
0.020478
0.066370
-0.811278
-1.029199
-0.086195
-0.004273
1.036803
0.060877
-0.085730
0.875004
0.926115
-0.038751
-0.002354
0.924831
-0.067355
0.323568
0.487527
-0.679208
-0.130847
-1.094501
-0.015210
0.975220
1.206208
-0.068719
-1.044235
-0.606883
0.776136
0.323123
0.082169
-0.152173
-0.081141
0.755789
0.084888
0.059086
-0.074256
0.239058
-0.105993
0.067344
1.031429
0.874829
-0.612417
-0.443162
0.080800
-0.594982
0.564763
-0.041367
0.102929
-0.024811
0.884885
0.712933
-1.063100
-1.019283
0.954573
-0.095292
0.912030
1.024590
0.029442
-0.033113
0.027192
-0.082290
0.071106
-0.101264
-0.043395
-0.055893
-0.226461
0.046282
0.028765
-0.718916
0.050842
0.183990
1.129725
0.027823
0.614321
0.146169
-0.074006
-0.320254
0.047579
0.908108
0.692844
-0.048546
-0.074255
-0.481116
0.085962
0.666286
0.763790
0.859659
-0.039188
-0.063908
0.123344
-0.359195
0.804092
0.850419
0.760148
0.837538
0.963312
1.057422
0.024776
-0.053603
0.047521
-0.624260
-0.005916
-0.013726
0.055350
-0.028013
-0.005507
-0.029069
0.052634
-0.034800
0.912424
-0.150715
0.902152
-1.068057
0.033579
-0.087408
-0.703928
-0.085796
0.076537
0.022675
0.104884
0.040075
0.968162
-0.604256
0.099381
-0.120295
0.635396
-0.141619
0.025958
-0.042080
0.791505
-0.032280
-0.019001
0.091187
0.059591
-0.362376
0.943860
-0.082962
0.858256
0.822714
-0.053135
-0.765172
-0.047260
0.023651
0.982355
0.101315
0.886540
0.795753
0.039392
-0.099804
-0.027026
-0.109390
0.043527
-0.946231
0.794564
0.023759
-0.774018
0.073296
0.967601
0.876256
-0.057499
0.552920
0.093530
-0.959271
1.022732
0.067705
-0.619297
0.793935
0.907131
-0.793176
-0.020727
1.017978
-0.628310
0.013497
-0.123052
-0.116439
0.772367
-0.003093
-0.144088
0.377295
-0.038106
0.059104
0.019480
0.087879
0.949311
-0.915229
0.945552
0.980552
-0.049086
0.010781
-0.712799
-0.892318
0.064997
0.443636
-0.628483
-0.850035
-0.895699
-0.947445
-0.058730
-0.853727
