0.275499
0.341433
0.980496
-0.065342
1.123067
0.399860
0.410852
-0.813101
-0.454422
0.493906
0.474661
-1.785866
-0.367343
-0.125513
-0.175752
0.828090
0.368162
0.192556
0.109383
-0.341320
-0.186731
0.964080
1.491980
0.444747
1.216908
-0.429734
-0.094134
0.469844
-0.323075
-1.200425
0.411259
-1.041419
0.284006
-0.041598
-0.208459
0.720544
0.423124
-0.158147
-1.122823
0.941313
-0.267484
0.844098
-0.073151
0.062657
0.103506
-0.248623
-0.210174
-1.073609
1.018144
0.408356
0.126996
1.005273
0.867402
-1.212179
-0.752306
-0.202866
0.313931
-0.315600
-0.482031
0.332262
-0.861313
-1.488885
-0.915829
-0.881098
