2.903134
2.941154
2.885986
2.965427
2.522568
2.511720
1.871562
2.403379
2.918393
3.084845
2.896975
0.266564
2.812622
3.211048
3.085637
3.106334
3.143068
2.541197
2.724314
3.253774
0.088564
2.857390
2.215092
2.855591
2.032742
2.802315
-0.034591
3.009327
-0.556008
2.537859
2.149551
0.402572
2.822366
3.043907
3.314974
2.360861
2.658409
2.432288
1.876585
1.833542
3.109980
2.874225
2.509058
2.641164
2.729093
-0.013446
3.276453
2.619589
2.999193
2.524535
2.235947
3.114990
2.891423
3.055188
2.875186
2.865269
2.694156
2.524986
3.006970
2.793157
2.107884
-0.523572
0.485908
3.076036
