0.310141 0.125479 -0.131398 -0.054276
0.189190 0.324025 0.156721 -0.325530
1.603642 1.028116 0.426587 0.403910
-0.330257 -0.015140 0.220821 -0.074501
1.298396 1.002176 0.360593 0.286898
0.472452 0.444981 -0.273666 -0.152320
-0.367707 0.498512 -0.005160 -0.003030
-1.388939 -1.264051 0.121864 0.027721
-0.392615 -0.439102 -0.141784 -0.239200
0.411898 0.097040 -0.078786 -0.174020
0.234027 0.439113 -0.325589 -0.410937
-1.800216 -1.085042 -0.137820 0.082409
-0.290353 -0.296840 -0.469540 -0.116162
-0.004186 0.203967 0.250330 -0.343745
0.234776 0.151619 -0.068372 -0.270613
0.759976 0.590188 -0.246558 0.074786
0.310205 -0.397594 0.413504 -0.446489
0.453037 -0.424305 0.223807 -0.339588
0.318800 0.410862 -0.052064 -0.187528
0.425143 -0.357922 -0.094847 -0.001590
-0.114816 -0.219627 -0.447735 -0.455747
1.532836 1.278407 -0.182916 0.115731
0.925407 0.493794 0.019260 0.451275
0.472645 -0.400748 -0.457680 0.059412
0.621016 1.217810 -0.196506 0.262813
-0.307094 -0.425363 -0.310188 -0.298856
-0.096990 0.408222 0.335211 0.172020
-0.198056 -0.141929 0.057002 -0.223471
-0.027258 0.439813 0.340405 -0.187512
-0.919883 -0.650455 0.487959 0.172620
0.446657 -0.086200 -0.106430 -0.170919
-1.761273 -1.669800 -0.181615 0.266322
0.325637 0.013548 -0.486883 0.015325
-0.136362 0.484818 0.342898 -0.041970
0.028929 0.048770 -0.353075 -0.021005
1.071313 0.470162 -0.076145 0.053050
0.027163 -0.016650 -0.469651 0.109196
-0.918815 -0.435941 0.209733 0.332453
-1.233341 -1.379721 0.359545 0.165064
1.164593 0.961507 -0.054676 0.124815
-0.495792 0.217949 -0.408369 0.058839
0.896761 1.247291 -0.442671 0.128938
0.468326 -0.268701 -0.155988 0.028898
-0.170984 0.059192 -0.366508 0.150102
0.005831 0.140656 0.416935 0.090483
0.473105 0.049211 -0.230559 -0.020781
0.119960 -0.488049 -0.461399 -0.462797
-1.507470 -1.552931 -0.357875 0.458839
1.586040 1.493570 0.149394 0.095379
-0.286074 -0.216978 0.088356 -0.471614
0.155795 0.433330 0.250828 -0.478423
1.139789 1.352970 0.153462 0.301964
1.352576 0.689121 -0.092241 0.446467
-1.831555 -1.055297 -0.078434 0.105078
-1.073551 -0.965773 -0.026478 0.235348
-0.464347 -0.465950 -0.379370 -0.409899
0.086479 0.196639 0.364376 -0.201446
-0.132325 -0.295491 -0.171938 -0.214393
0.311724 -0.049839 -0.334074 -0.156365
-0.051541 0.026287 0.428292 -0.281943
-1.068213 -1.483477 0.127546 0.202092
-1.049857 -0.740303 0.112018 0.033168
-1.090004 -1.198622 0.260669 -0.057162
-1.563038 -1.414315 -0.333946 0.259197
