2.028993
1.997387
2.081208
1.830254
2.096154
2.223962
1.325882
2.358625
1.991714
2.090166
2.198164
0.972804
2.254223
1.846843
2.006792
1.977402
2.056325
2.222537
2.309003
2.042206
1.332056
2.102832
1.832685
2.239376
1.590063
2.251463
-0.026031
2.073334
-0.063853
2.283603
1.799824
1.103766
2.086398
1.980928
2.020166
1.758786
2.485721
2.154185
1.611543
1.472993
2.070014
2.021032
1.959863
2.319531
1.886000
-0.025161
1.912920
2.407532
2.125054
2.496415
1.454528
1.873072
2.294024
2.120467
2.067123
2.171715
2.206501
2.228948
2.056305
2.168296
2.366634
-0.055226
0.526147
1.970670
