0.209804
-0.245426
-0.185349
0.330009
0.218040
-0.322250
0.291986
0.002273
-0.178845
0.301870
-0.239545
0.192379
-0.276432
0.216140
-0.361712
0.185012
0.072047
0.332197
0.298885
-0.067597
0.063086
0.154367
0.166803
0.313633
0.218412
-0.154645
0.026644
-0.032378
0.297534
-0.234169
0.294509
-0.148204
0.260578
-0.115904
-0.264510
0.136296
0.052696
-0.089279
0.193299
0.285400
-0.205147
-0.007979
0.147638
0.157051
0.218467
-0.060435
-0.232417
-0.061690
0.165762
-0.212075
0.294172
0.214768
0.235895
-0.084700
0.145889
0.044103
-0.318740
-0.222567
-0.147258
-0.227119
0.221450
-0.084429
0.192793
0.147980
