0.206224 0.194180 -0.052579 -0.037861 0.125273 0.188968 0.165262 -0.219208 0.305461
-0.079621 0.260796 0.265447 -0.250058 -0.040137 0.129333 -0.010861 0.149771 -0.008601
0.232095 0.247161 0.326169 0.286949 -0.191784 -0.115449 -0.230058 0.322367 -0.007789
-0.002020 -0.246035 -0.192011 0.110756 0.028833 -0.261743 -0.292735 -0.094523 -0.159466
0.274599 0.064693 -0.052524 -0.116013 0.156018 0.292742 -0.217060 -0.273958 -0.285065
0.118084 0.063169 0.103657 -0.213262 -0.216148 -0.364084 -0.062892 -0.023329 0.129203
0.166887 -0.229163 0.156518 0.101080 -0.045582 -0.180409 -0.155825 -0.245420 -0.151339
0.020113 0.250407 -0.259930 0.247931 -0.324699 0.263646 -0.255755 0.121055 -0.253909
0.212533 0.273908 -0.034709 -0.125019 0.283429 -0.238615 -0.063231 -0.001060 -0.076544
-0.146418 -0.298490 -0.303832 0.066948 -0.043091 -0.126822 0.080112 -0.059998 -0.316254
0.005931 0.238424 0.278282 -0.270281 -0.308835 0.045941 -0.247098 0.179291 -0.130863
0.176713 -0.290650 -0.332913 -0.221962 -0.214950 -0.233387 0.084771 0.270778 0.163364
-0.151452 -0.324022 -0.045150 -0.166539 -0.037768 0.340517 0.093327 -0.141801 0.173095
0.299784 0.332065 0.115306 0.297771 -0.057467 -0.070954 -0.113946 -0.305599 -0.294551
-0.131684 0.096148 0.161248 -0.022554 -0.356636 -0.013312 -0.046127 0.270350 0.195494
-0.026821 0.048386 0.042167 -0.240829 -0.019115 0.218876 -0.155823 -0.067023 0.040580
0.018828 -0.116928 -0.358879 0.074785 -0.208952 0.025060 0.247269 0.328051 -0.001040
-0.138191 0.265221 0.124489 -0.084795 -0.167983 -0.029776 0.102635 -0.330528 0.145299
-0.272246 0.039226 0.057591 0.294344 -0.278292 0.085973 0.312217 -0.179134 -0.103992
0.004473 -0.065682 0.161945 -0.232998 0.100785 -0.007327 0.046283 0.315644 0.096869
0.315404 0.032807 -0.153706 -0.013854 0.079973 -0.325366 -0.307599 -0.308531 -0.240932
-0.308163 -0.191534 0.328134 0.159674 0.152947 0.096946 0.077631 -0.190716 -0.144652
0.038686 -0.331848 0.079951 0.268642 0.147100 -0.345999 0.068477 0.210864 0.084309
0.219495 0.218744 -0.153675 -0.038983 0.317181 -0.330734 0.132938 -0.041142 0.065984
0.026461 0.059846 0.009269 0.162713 -0.309565 -0.310634 -0.252914 -0.273266 0.057653
0.121083 0.200585 -0.157313 -0.097845 -0.206894 -0.118955 -0.134320 0.198380 -0.048398
-0.222716 -0.104244 -0.034361 0.017525 0.285528 -0.187962 0.150545 -0.179341 0.126985
0.152784 -0.033612 0.168068 0.095982 0.026991 -0.065220 -0.147682 0.169211 -0.057861
-0.337490 -0.395827 -0.232779 0.185179 0.175954 0.244339 -0.112367 -0.049332 0.051093
0.266573 0.273901 0.135012 -0.302948 0.329270 0.316441 -0.279022 -0.244896 -0.083676
-0.117168 -0.106932 0.245441 0.128371 0.072922 -0.227547 -0.124488 -0.308425 0.320675
0.287515 0.287860 -0.236890 -0.225231 0.303950 -0.258179 -0.019723 0.262565 0.174718
0.189337 -0.004016 -0.138973 -0.001061 0.282082 0.297889 0.077844 -0.230094 -0.178323
0.025882 -0.048767 0.160095 0.069018 -0.165749 -0.140116 0.045344 -0.215336 0.272237
0.084664 -0.037821 -0.102266 0.078622 0.237639 -0.135244 0.209287 -0.210400 -0.321354
0.221508 0.285195 -0.293889 0.064712 0.122421 0.161205 -0.218016 -0.230555 0.045781
-0.206147 0.023790 0.150271 -0.215904 0.080989 0.119867 0.257574 -0.161277 -0.319874
0.205553 0.169463 -0.231582 0.181285 0.307837 -0.264593 0.116555 0.109119 -0.287754
0.061086 0.239914 -0.100439 0.158954 -0.068290 -0.281887 0.294281 -0.023892 -0.056587
-0.027284 -0.231287 0.211540 0.333124 -0.249669 -0.049668 -0.116884 -0.150296 -0.147494
-0.166826 0.292864 -0.217137 -0.029366 0.042555 -0.020530 0.063833 -0.044093 -0.174764
0.000563 -0.342737 -0.155962 -0.261582 0.143185 0.082553 0.134274 0.095246 0.003472
0.057473 0.464161 0.212029 0.028973 -0.077906 -0.377985 0.179201 0.313413 0.294501
-0.105785 -0.153940 -0.144058 -0.305022 0.110675 -0.309039 0.199657 -0.031120 0.146672
-0.052260 0.291198 0.248239 0.281354 -0.030497 0.170572 0.165703 -0.293449 -0.012737
0.263089 -0.139618 0.156133 -0.097449 0.207942 -0.142338 0.208844 -0.166904 0.324805
-0.308263 -0.262532 -0.181418 0.171149 -0.119590 0.009330 0.054568 0.068254 -0.305802
-0.304475 0.222156 0.149917 -0.238406 -0.252439 0.116267 -0.233775 -0.331289 0.087344
0.300130 0.292940 -0.065280 0.223133 -0.255595 0.094770 0.269058 -0.331753 0.059017
-0.061156 -0.153802 0.022322 -0.044840 0.121848 -0.284291 0.205794 0.297255 -0.034787
-0.011681 0.174540 -0.301176 0.296932 -0.047131 -0.033440 -0.007849 0.258795 -0.055751
0.161401 0.014539 -0.189358 0.287049 0.076345 -0.231069 -0.018427 -0.009848 0.230098
-0.060102 0.321761 0.000973 -0.227080 -0.212330 0.313633 0.255590 0.029395 0.263056
0.217193 0.391696 -0.034774 0.129858 0.158720 -0.323375 0.136473 0.268777 0.021403
0.139874 -0.063072 0.235230 -0.242509 0.122792 -0.123564 0.177984 -0.083860 0.097712
-0.279731 -0.119035 0.157609 -0.307267 0.191677 -0.199799 0.213728 -0.039480 -0.263680
0.295057 -0.192131 -0.303438 0.280532 -0.163823 -0.203101 -0.209285 -0.318832 -0.121594
0.208783 -0.106861 -0.227596 0.012409 0.328352 0.172134 -0.126442 -0.311618 0.191679
0.044668 0.065448 0.115940 -0.147646 0.230213 -0.011146 0.159410 -0.319416 0.063131
0.258050 -0.120153 0.219893 0.234857 -0.151835 0.002328 -0.288162 -0.286088 0.289421
0.264113 0.081316 -0.101421 0.138530 -0.270586 -0.289103 -0.333144 -0.209600 -0.030499
-0.304203 0.389838 0.152692 0.122898 -0.188817 0.037423 -0.230910 0.115981 -0.230348
-0.052716 -0.320398 0.226642 -0.300498 0.002073 0.047243 0.106519 0.230439 0.250141
-0.252753 0.280064 0.100765 -0.008745 -0.230892 -0.138471 0.063012 -0.147470 -0.151312
