-0.024622
0.111067
0.107604
0.065659
-0.101318
-0.020062
0.096838
0.020348
0.010175
0.054829
0.058404
-0.112525
-0.008636
0.010028
-0.002831
0.044379
0.041981
0.007067
0.031404
0.054090
0.026861
-0.061721
-0.102066
0.100689
0.097547
0.076375
-0.060321
-0.065793
-0.119544
0.043696
-0.013678
0.085416
-0.130580
-0.109766
-0.026112
-0.044718
-0.116790
-0.089871
-0.125165
-0.111813
0.003439
0.018455
0.073290
0.088604
-0.099777
-0.003001
-0.042400
-0.029096
-0.048302
0.031497
-0.086316
-0.128341
-0.001428
0.003545
0.069372
0.102777
0.098571
-0.115845
0.039307
-0.071193
0.007057
0.006040
0.037502
0.002313
-0.020741
0.072425
-0.022542
0.116435
-0.104576
0.067630
0.090676
-0.070069
0.023492
0.021607
-0.127272
0.027890
-0.092574
0.104500
-0.078675
-0.072308
0.090720
0.060188
-0.024236
-0.103094
0.104113
0.091779
0.072672
0.060105
-0.102514
0.089766
0.085117
0.096233
-0.109825
0.114936
0.105999
0.021361
-0.037017
0.035158
-0.023842
-0.006355
-0.075059
0.028567
-0.087440
-0.030855
0.106724
-0.107823
0.092419
0.010039
-0.108351
-0.016731
-0.087846
-0.055002
0.000011
-0.030846
0.090094
0.108151
-0.053769
-0.087502
0.087608
-0.071094
-0.130810
0.056612
0.076587
0.103304
-0.051677
-0.101920
0.107588
0.077696
-0.096191
0.114567
0.076179
-0.055598
0.077015
-0.028352
0.116230
-0.129997
0.045225
0.085193
-0.084272
-0.021598
-0.104887
-0.093719
0.050315
0.087741
0.032573
0.090224
0.047223
0.020120
-0.012615
0.003663
0.022769
-0.053847
0.107846
0.118436
-0.069308
0.114780
0.100860
-0.106892
0.093330
-0.044359
0.015747
0.089651
-0.101949
-0.043350
0.085564
0.100115
0.001712
-0.071083
0.024841
-0.009482
-0.036062
0.082029
0.074633
-0.082910
-0.102647
-0.070049
-0.049182
-0.060831
-0.010968
-0.030363
-0.108247
0.077705
-0.077439
-0.012605
-0.066129
0.017009
-0.066450
-0.025597
0.047185
-0.034152
-0.030173
-0.055600
0.029544
0.049948
-0.109228
-0.045558
0.073538
0.020772
0.089447
-0.095780
-0.013013
0.091862
-0.017983
-0.045971
-0.020690
0.086732
0.063893
0.093785
0.028255
0.003785
-0.109333
0.080536
-0.058922
0.055952
0.078134
-0.054019
0.066871
0.073070
0.129053
-0.078774
-0.070064
0.011704
-0.030505
-0.115958
-0.029789
-0.076600
0.072531
-0.045303
0.002053
0.069444
0.033790
0.079961
-0.098036
0.028447
-0.070431
-0.077436
-0.003378
-0.075378
-0.031792
-0.050384
-0.041576
0.009854
0.113667
-0.110681
-0.081875
0.102442
0.082643
-0.125952
0.093387
-0.029227
-0.107537
0.096603
0.045208
0.078997
0.002107
0.006939
