0.365642 0.136490 0.361932 0.415409
0.432413 0.408634 -0.273666 -0.192009
-0.292948 0.584536 -0.005160 0.080307
-0.369053 -0.288016 0.166134 0.043250
0.561352 0.221761 0.080746 -0.174020
0.157568 0.381432 -0.415879 -0.410937
-0.427597 0.204059 -0.093635 0.094946
-0.290353 -0.296840 -0.469540 -0.116162
0.177787 0.112197 -0.068372 -0.270613
-0.233737 -0.368131 -0.227008 0.070562
0.409540 -0.358260 0.413504 -0.446489
0.591235 -0.377917 0.223807 -0.339588
0.374703 -0.357922 -0.162101 -0.070285
-0.114816 -0.219627 -0.447735 -0.455747
0.062731 -0.064636 -0.232404 0.074314
0.017196 -0.474381 0.171517 0.627638
