0.420072 0.117141 -0.101193
-0.169266 0.206111 0.280811
0.180966 -0.375890 0.507461
-0.192548 0.465723 0.400309
-0.381348 -0.017482 0.254982
-0.042361 0.275687 0.068971
0.265497 0.319625 0.409968
0.513820 -0.316002 -0.175884
-0.527313 0.557510 -0.097158
-0.003499 -0.426145 -0.332572
0.087623 0.038869 -0.543349
-0.507032 -0.163718 -0.276204
0.460194 0.038250 -0.109437
-0.314284 0.259678 0.408499
-0.375958 -0.474509 -0.493746
0.235627 -0.108120 0.109634
-0.335271 -0.342761 -0.542178
-0.134133 -0.004834 0.235521
0.289056 -0.396922 0.271096
0.175075 -0.078950 -0.312477
-0.269897 -0.425080 -0.262127
0.162869 0.347932 -0.390089
0.477473 -0.515561 0.523122
-0.499056 0.209717 -0.408348
0.447025 0.447856 0.003970
-0.129784 0.466766 -0.343135
-0.109520 -0.001836 -0.132578
-0.253603 -0.517000 -0.526252
0.115957 -0.074636 -0.219662
0.138757 -0.103919 -0.547768
0.093159 0.522023 0.607377
-0.462743 -0.528484 0.068603
-0.420984 0.285461 -0.201167
0.333578 -0.354601 -0.491167
-0.358174 -0.345090 -0.378219
0.041923 0.480471 0.233074
-0.228695 -0.163886 0.065820
-0.258042 -0.031475 0.507852
0.393066 -0.216521 0.286260
0.597348 0.560998 0.265193
0.515755 -0.099535 -0.122895
-0.197361 -0.529314 -0.510176
-0.285715 0.208267 0.269934
0.015644 -0.562204 0.017695
-0.214716 0.516665 0.305073
-0.149667 0.028923 -0.039657
-0.407695 -0.024254 0.399310
-0.274070 -0.106301 0.074836
0.031365 -0.019225 -0.542307
0.126088 -0.363654 0.010615
0.439470 0.515803 0.018975
-0.172020 0.439906 0.271145
-0.146869 -0.290955 -0.051574
0.177769 -0.572491 0.251666
-0.543481 0.047334 0.029249
0.509818 -0.482016 0.148909
0.540776 -0.310269 -0.180119
-0.041574 0.003673 0.282869
-0.503937 0.177950 -0.106561
0.135004 0.555015 0.250617
0.471061 0.021947 -0.330012
0.052824 0.126364 -0.499116
-0.532778 -0.534392 -0.417306
-0.533753 -0.331747 0.568345
